685
91.7738 23.6438 16.4155  1.0   0
70.4766 24.1708 4.7451  2.0   0
88.4429 20.5911 24.6198  2.0   0
47.7519 34.323 18.8226  2.0   0
60.6922 38.6724 22.441  2.0   0
53.1345 22.2878 9.90049  2.0   0
6.29656 16.5395 6.54592  2.0   0
93.5179 11.7 9.96248  2.0   0
1.51791 11.7 9.96248  2.0   0
32.6158 36.3844 14.9967  2.0   0
90.51 8.93695 21.2231  2.0   0
8.66034 11.6748 12.4262  2.0   0
35.0579 19.9959 26.1657  2.0   0
22.5665 51.5472 26.2942  2.0   0
54.8882 33.8864 28.814  2.0   0
54.8882 33.8864 0.813977  2.0   0
48.8551 2.72564 19.8195  2.0   0
48.8551 62.7256 19.8195  2.0   0
10.1441 27.6237 3.29623  2.0   0
10.1441 27.6237 31.2962  2.0   0
73.6 43.8865 19.3886  2.0   0
4.88158 55.804 26.9592  2.0   0
55.0437 61.4782 18.3724  2.0   0
55.0437 1.47821 18.3724  2.0   0
19.6791 49.7883 9.97032  2.0   0
46.6755 45.3069 9.19447  2.0   0
55.8516 49.4596 3.03991  2.0   0
55.8516 49.4596 31.0399  2.0   0
57.7348 36.5384 6.55364  2.0   0
42.4032 24.7595 8.26073  2.0   0
33.9293 44.7969 16.864  2.0   0
83.8714 28.4671 20.9669  2.0   0
23.9605 47.7815 7.72239  2.0   0
55.3097 43.6899 18.122  2.0   0
93.8375 23.1591 27.3179  2.0   0
1.83748 23.1591 27.3179  2.0   0
20.168 33.34 24.9154  2.0   0
5.8798 13.5953 15.2959  2.0   0
7.17585 53.6563 6.06851  2.0   0
33.7206 28.0812 26.5186  2.0   0
31.967 60.3137 19.9168  2.0   0
31.967 0.31374 19.9168  2.0   0
22.2994 8.00466 21.1312  2.0   0
30.685 12.5021 16.7612  2.0   0
68.6071 35.2881 3.77304  2.0   0
68.6071 35.2881 31.773  2.0   0
45.7849 22.4323 2.7304  2.0   0
45.7849 22.4323 30.7304  2.0   0
20.6086 54.1525 20.0672  2.0   0
41.646 34.2944 11.9287  2.0   0
66.6282 52.4005 11.0764  2.0   0
24.2846 61.5935 15.5362  2.0   0
24.2846 1.59346 15.5362  2.0   0
63.8656 15.4651 26.9857  2.0   0
12.1047 31.3406 4.75435  2.0   0
42.7062 45.5129 17.2572  2.0   0
70.5219 38.0897 12.5536  2.0   0
5.98252 57.7425 13.9023  2.0   0
11.3169 29.7464 16.5847  2.0   0
86.3149 35.4266 17.8926  2.0   0
68.172 42.7251 12.929  2.0   0
77.2299 49.7646 21.7779  2.0   0
33.8915 40.068 2.77699  2.0   0
33.8915 40.068 30.777  2.0   0
2.95211 30.9466 25.3172  2.0   0
94.9521 30.9466 25.3172  2.0   0
28.193 56.945 8.81541  2.0   0
54.5038 47.8841 12.1245  2.0   0
68.5668 46.9436 18.2063  2.0   0
29.8778 3.81815 18.5751  2.0   0
29.8778 63.8182 18.5751  2.0   0
79.4499 57.0192 18.8197  2.0   0
42.3748 2.38163 18.0358  2.0   0
42.3748 62.3816 18.0358  2.0   0
62.9183 30.7504 20.9945  2.0   0
11.7357 37.5589 7.39867  2.0   0
88.2655 20.0531 6.73506  2.0   0
56.3511 58.296 28.0362  2.0   0
56.3511 58.296 0.036182  2.0   0
93.0513 34.3942 27.6944  2.0   0
1.0513 34.3942 27.6944  2.0   0
72.4326 57.8644 23.7925  2.0   0
79.8593 39.6223 4.03747  2.0   0
18.02 12.5209 10.1188  2.0   0
26.303 26.7011 25.9287  2.0   0
78.6461 18.1192 17.3574  2.0   0
25.1301 3.35666 8.35485  2.0   0
25.1301 63.3567 8.35485  2.0   0
57.0989 58.2826 21.3611  2.0   0
4.26047 39.6785 27.6481  2.0   0
23.2973 38.0496 9.2318  2.0   0
21.6433 12.9451 29.7281  2.0   0
21.6433 12.9451 1.72813  2.0   0
80.892 61.3627 6.06595  2.0   0
80.892 1.36268 6.06595  2.0   0
31.1199 35.2562 24.8764  2.0   0
33.5841 4.59138 23.2724  2.0   0
89.8941 12.7797 3.28189  2.0   0
89.8941 12.7797 31.2819  2.0   0
51.1867 56.4635 12.48  2.0   0
91.9347 48.5562 27.5373  2.0   0
67.1586 21.1332 13.0485  2.0   0
13.1096 41.8034 28.2142  2.0   0
13.1096 41.8034 0.214194  2.0   0
8.51668 36.2801 2.7227  2.0   0
8.51668 36.2801 30.7227  2.0   0
65.3453 15.4584 16.7832  2.0   0
87.1858 40.5363 28.9916  2.0   0
87.1858 40.5363 0.991631  2.0   0
26.6855 5.50007 20.3812  2.0   0
21.0452 44.1451 21.0207  2.0   0
8.24319 3.71285 13.1142  2.0   0
8.24319 63.7129 13.1142  2.0   0
72.0436 6.72418 5.76472  2.0   0
60.5182 27.1005 2.61736  2.0   0
60.5182 27.1005 30.6174  2.0   0
22.5665 21.3837 20.8532  2.0   0
27.202 16.289 7.33525  2.0   0
46.1013 38.4026 18.359  2.0   0
14.3985 36.0069 14.0711  2.0   0
44.6603 41.9095 10.0279  2.0   0
4.94804 30.8381 17.6087  2.0   0
34.7255 16.7725 17.64  2.0   0
52.3737 12.8222 11.0992  2.0   0
15.8406 42.3821 6.0025  2.0   0
25.7461 6.88817 28.171  2.0   0
25.7461 6.88817 0.170991  2.0   0
63.5135 7.20805 16.0183  2.0   0
33.1041 42.2435 6.40898  2.0   0
75.8402 51.9562 6.16209  2.0   0
82.2034 11.6428 27.7905  2.0   0
61.8781 32.4921 28.4244  2.0   0
61.8781 32.4921 0.424438  2.0   0
60.8153 26.696 25.2777  2.0   0
31.341 31.1082 13.8271  2.0   0
4.4037 14.3963 26.3091  2.0   0
82.0357 55.6376 10.9427  2.0   0
41.9708 12.8986 29.647  2.0   0
41.9708 12.8986 1.64696  2.0   0
41.2909 49.1349 22.7218  2.0   0
60.4731 42.1874 13.3998  2.0   0
13.4939 54.42 18.8409  2.0   0
49.6343 5.27374 29.8854  2.0   0
49.6343 5.27374 1.88536  2.0   0
69.2065 33.4849 16.1349  2.0   0
21.9128 43.1241 28.276  2.0   0
21.9128 43.1241 0.275975  2.0   0
16.7878 45.2684 27.2765  2.0   0
87.1784 14.7083 9.22575  2.0   0
70.0473 21.6914 22.3508  2.0   0
60.1604 7.07103 6.62504  2.0   0
65.9038 55.0157 14.6989  2.0   0
47.6078 15.3404 4.95059  2.0   0
91.5312 49.5714 5.38817  2.0   0
29.9905 11.1329 2.63234  2.0   0
29.9905 11.1329 30.6323  2.0   0
76.0836 30.187 24.6394  2.0   0
83.4348 9.44684 8.84417  2.0   0
46.0517 18.2414 15.2937  2.0   0
79.3816 20.3512 7.2733  2.0   0
55.7038 22.5772 19.1181  2.0   0
46.2505 25.5836 26.2359  2.0   0
78.8734 24.8109 20.0546  2.0   0
87.7006 52.3494 27.9356  2.0   0
11.3819 56.5807 22.3492  2.0   0
75.99 3.47395 10.8698  2.0   0
75.99 63.474 10.8698  2.0   0
52.0928 59.4373 5.50919  2.0   0
25.2961 36.3622 24.8032  2.0   0
25.6073 53.5934 3.68148  2.0   0
25.6073 53.5934 31.6815  2.0   0
46.2221 13.3675 21.5837  2.0   0
65.6621 60.488 11.5012  2.0   0
65.6621 0.488034 11.5012  2.0   0
56.721 11.9958 19.3681  2.0   0
93.1931 48.1096 19.7539  2.0   0
1.19307 48.1096 19.7539  2.0   0
83.9676 12.826 17.3856  2.0   0
88.3215 34.2623 3.19496  2.0   0
88.3215 34.2623 31.195  2.0   0
75.6755 12.7633 19.3191  2.0   0
51.0045 19.7548 2.12561  2.0   0
51.0045 19.7548 30.1256  2.0   0
55.9885 26.4773 12.5097  2.0   0
61.7842 28.9996 10.5982  2.0   0
40.1392 46.4827 11.8793  2.0   0
29.8219 38.6837 5.56692  2.0   0
18.8906 38.8593 26.4761  2.0   0
92.2839 20.7784 11.9817  2.0   0
0.28389 20.7784 11.9817  2.0   0
77.4423 37.1539 9.25713  2.0   0
71.2166 26.6233 29.4819  2.0   0
71.2166 26.6233 1.48192  2.0   0
93.7668 4.85458 4.30402  2.0   0
1.76679 4.85458 4.30402  2.0   0
63.6681 44.0271 16.0009  2.0   0
74.2156 54.6122 10.5914  2.0   0
9.71873 46.0907 14.4488  2.0   0
34.5738 50.5975 12.6314  2.0   0
62.4031 45.896 7.88475  2.0   0
6.3071 44.7508 20.9337  2.0   0
18.2023 37.6181 5.75163  2.0   0
7.70466 18.5959 29.4465  2.0   0
7.70466 18.5959 1.44647  2.0   0
27.3451 16.8472 15.5485  2.0   0
46.0618 43.237 29.8321  2.0   0
46.0618 43.237 1.83208  2.0   0
11.8637 61.4887 5.25044  2.0   0
11.8637 1.48874 5.25044  2.0   0
59.3918 22.9474 7.05398  2.0   0
32.6681 14.9851 6.35372  2.0   0
4.72258 6.09415 21.8588  2.0   0
85.4548 48.8541 20.8081  2.0   0
15.2726 36.6853 2.35598  2.0   0
15.2726 36.6853 30.356  2.0   0
49.0236 41.4212 13.5748  2.0   0
80.6045 3.43189 12.8837  2.0   0
80.6045 63.4319 12.8837  2.0   0
40.8915 30.2794 12.3346  2.0   0
19.522 16.6372 21.3742  2.0   0
28.5341 27.6424 6.04774  2.0   0
53.9575 21.6772 24.6547  2.0   0
55.9733 7.69786 19.1261  2.0   0
56.9798 3.885 26.8127  2.0   0
56.9798 63.885 26.8127  2.0   0
76.6013 9.66704 22.3357  2.0   0
93.2627 39.2326 23.485  2.0   0
1.26273 39.2326 23.485  2.0   0
55.762 53.895 27.9414  2.0   0
39.317 54.6385 5.547  2.0   0
53.2503 51.8462 18.4812  2.0   0
85.9405 2.14729 26.8549  2.0   0
85.9405 62.1473 26.8549  2.0   0
67.5419 12.2819 20.3579  2.0   0
58.1873 32.3773 6.21773  2.0   0
30.3931 19.6015 24.7809  2.0   0
64.4515 23.0968 4.65052  2.0   0
46.8326 55.6001 17.5264  2.0   0
17.3018 60.5579 25.2191  2.0   0
17.3018 0.557895 25.2191  2.0   0
33.8145 22.5585 13.0819  2.0   0
69.8039 55.3809 13.2948  2.0   0
5.79047 57.554 23.4634  2.0   0
24.7941 41.5171 11.7267  2.0   0
87.3007 35.3777 9.15187  2.0   0
45.7824 36.5342 4.78403  2.0   0
76.7179 33.8416 16.5998  2.0   0
87.7752 51.9751 3.91983  2.0   0
87.7752 51.9751 31.9198  2.0   0
29.0723 19.9699 5.51034  2.0   0
45.8664 21.1299 9.96012  2.0   0
74.9453 11.0584 13.9094  2.0   0
42.1709 53.0222 11.0453  2.0   0
33.1504 23.3696 17.5308  2.0   0
53.5342 41.1864 10.9135  2.0   0
33.5444 10.1011 27.1281  2.0   0
79.9065 23.2688 24.6643  2.0   0
7.98875 4.42488 6.38687  2.0   0
57.9461 22.9058 24.4024  2.0   0
38.9192 10.6302 8.79396  2.0   0
83.2439 55.1063 4.11323  2.0   0
20.1539 8.6971 15.0365  2.0   0
34.965 25.0985 29.1821  2.0   0
34.965 25.0985 1.18206  2.0   0
39.9575 37.4236 3.63267  2.0   0
39.9575 37.4236 31.6327  2.0   0
75.9627 18.8973 21.7918  2.0   0
65.1874 52.7838 2.04634  2.0   0
65.1874 52.7838 30.0463  2.0   0
12.3877 12.8454 5.69698  2.0   0
17.0342 45.7406 8.82305  2.0   0
65.259 53.488 26.0517  2.0   0
35.3438 29.641 14.022  2.0   0
12.5093 13.1073 9.81856  2.0   0
16.8843 60.3966 16.5467  2.0   0
16.8843 0.396571 16.5467  2.0   0
46.567 57.4098 12.1736  2.0   0
25.4396 45.4757 17.1867  2.0   0
84.2802 27.0532 15.356  2.0   0
73.8104 4.76625 15.934  2.0   0
4.76051 52.1013 29.3812  2.0   0
4.76051 52.1013 1.38121  2.0   0
44.2403 46.1657 25.7173  2.0   0
28.4252 38.1529 28.1966  2.0   0
28.4252 38.1529 0.19663  2.0   0
69.6085 33.1144 12.148  2.0   0
83.0559 37.1261 23.8521  2.0   0
35.8509 15.7346 28.887  2.0   0
35.8509 15.7346 0.887016  2.0   0
70.7848 59.2328 4.46002  2.0   0
79.2 45.1192 8.58396  2.0   0
55.4567 30.1148 27.3537  2.0   0
38.9675 54.3566 18.1038  2.0   0
60.2789 2.10006 15.6155  2.0   0
60.2789 62.1001 15.6155  2.0   0
66.5909 33.3754 22.3396  2.0   0
27.8514 43.511 2.36319  2.0   0
27.8514 43.511 30.3632  2.0   0
37.7818 48.1447 18.7576  2.0   0
38.0544 28.8776 19.7594  2.0   0
55.5675 32.8323 18.8509  2.0   0
61.2794 38.4997 7.17682  2.0   0
46.6749 52.3938 6.08418  2.0   0
14.7491 47.1716 23.0966  2.0   0
8.57505 49.0346 18.7414  2.0   0
41.8735 20.5458 24.3364  2.0   0
69.9196 51.8215 5.38833  2.0   0
28.3082 42.2522 7.41653  2.0   0
84.6702 5.05854 10.6005  2.0   0
82.5053 44.1816 15.5054  2.0   0
62.5418 18.7757 4.66418  2.0   0
68.581 12.6125 24.9525  2.0   0
88.1331 9.20364 25.386  2.0   0
72.0889 60.9214 18.7587  2.0   0
72.0889 0.921416 18.7587  2.0   0
61.0489 51.202 25.7546  2.0   0
90.5077 52.9085 24.5854  2.0   0
22.7924 23.7972 12.2042  2.0   0
40.9083 44.1607 7.8121  2.0   0
13.2699 59.9951 26.3787  2.0   0
58.8998 54.5279 8.07222  2.0   0
68.6618 54.6273 21.5961  2.0   0
66.2675 3.78322 24.7396  2.0   0
66.2675 63.7832 24.7396  2.0   0
42.7873 33.8331 25.1156  2.0   0
37.6893 23.421 4.83504  2.0   0
79.014 15.023 3.90341  2.0   0
79.014 15.023 31.9034  2.0   0
9.08928 13.6601 28.4117  2.0   0
9.08928 13.6601 0.411687  2.0   0
16.7043 53.7272 6.77205  2.0   0
42.1041 16.2925 11.9787  2.0   0
73.2599 44.4177 28.5297  2.0   0
73.2599 44.4177 0.529662  2.0   0
41.2406 14.0552 23.1485  2.0   0
10.4329 37.6925 12.1082  2.0   0
86.0168 58.2507 17.3392  2.0   0
54.6408 51.3987 22.503  2.0   0
83.9017 26.2903 24.4439  2.0   0
27.0823 43.225 22.6263  2.0   0
89.8138 33.0773 20.9808  2.0   0
78.9233 5.71695 17.1276  2.0   0
28.5119 59.3783 17.9533  2.0   0
48.3088 49.7413 11.3789  2.0   0
10.3392 49.3445 2.0149  2.0   0
10.3392 49.3445 30.0149  2.0   0
66.9658 2.29902 6.01404  2.0   0
66.9658 62.299 6.01404  2.0   0
65.775 12.4194 13.9932  2.0   0
66.0726 28.3786 10.9406  2.0   0
70.8867 20.7572 16.036  2.0   0
53.5829 16.5043 5.33822  2.0   0
51.0669 46.1536 25.6082  2.0   0
17.3194 55.6986 11.7431  2.0   0
12.091 3.40401 18.2787  2.0   0
12.091 63.404 18.2787  2.0   0
14.1735 2.08847 11.1772  2.0   0
14.1735 62.0885 11.1772  2.0   0
11.161 8.77122 21.712  2.0   0
86.0798 21.2396 29.8611  2.0   0
86.0798 21.2396 1.86114  2.0   0
81.6582 18.5499 20.4441  2.0   0
88.9164 12.4149 13.8158  2.0   0
52.9781 35.9025 15.6479  2.0   0
57.4901 11.0187 4.4797  2.0   0
44.7287 59.0856 28.9575  2.0   0
44.7287 59.0856 0.9575  2.0   0
71.676 35.119 7.10248  2.0   0
84.4447 5.27703 24.1697  2.0   0
29.1989 41.8008 18.4176  2.0   0
20.3398 6.44836 27.0578  2.0   0
42.518 60.8063 8.38688  2.0   0
42.518 0.806333 8.38688  2.0   0
44.7203 46.5171 5.62279  2.0   0
82.1057 25.7217 11.0376  2.0   0
77.932 28.9507 17.4436  2.0   0
5.6131 9.0929 18.6676  2.0   0
74.0136 39.0795 18.7446  2.0   0
91.9255 17.5789 5.77346  2.0   0
50.365 3.77267 13.7405  2.0   0
50.365 63.7727 13.7405  2.0   0
93.3414 34.3076 17.0544  2.0   0
1.34144 34.3076 17.0544  2.0   0
21.2737 54.731 2.70855  2.0   0
21.2737 54.731 30.7085  2.0   0
48.7298 4.89708 8.74276  2.0   0
53.262 35.2729 10.7828  2.0   0
19.3454 28.3327 3.24787  2.0   0
19.3454 28.3327 31.2479  2.0   0
20.7671 37.2021 16.2338  2.0   0
46.9605 2.7723 24.9176  2.0   0
46.9605 62.7723 24.9176  2.0   0
18.4388 60.6138 11.3468  2.0   0
18.4388 0.61377 11.3468  2.0   0
40.4323 42.8689 23.2903  2.0   0
81.8004 52.7084 27.8375  2.0   0
8.96319 29.1677 26.1304  2.0   0
2.67768 7.88959 7.81958  2.0   0
94.6777 7.88959 7.81958  2.0   0
78.592 13.9173 25.6087  2.0   0
68.4063 43.4151 4.45753  2.0   0
11.8767 29.1054 21.4048  2.0   0
79.8772 27.2812 2.67088  2.0   0
79.8772 27.2812 30.6709  2.0   0
4.84478 2.00701 21.2359  2.0   0
4.84478 62.007 21.2359  2.0   0
36.4901 39.388 17.8102  2.0   0
64.1791 28.8065 26.658  2.0   0
90.9192 3.07132 8.99988  2.0   0
90.9192 63.0713 8.99988  2.0   0
85.4311 13.9937 29.0723  2.0   0
85.4311 13.9937 1.0723  2.0   0
41.3324 23.8158 28.9238  2.0   0
41.3324 23.8158 0.923763  2.0   0
26.8344 31.2202 17.4594  2.0   0
62.6571 48.5645 3.99361  2.0   0
62.6571 48.5645 31.9936  2.0   0
38.6279 9.47668 3.60372  2.0   0
38.6279 9.47668 31.6037  2.0   0
8.00057 17.0844 12.0334  2.0   0
91.1559 30.5019 9.50222  2.0   0
62.175 11.5663 16.1657  2.0   0
28.0478 51.9716 14.7953  2.0   0
57.5227 40.5299 4.10436  2.0   0
63.4826 23.1541 17.0589  2.0   0
86.7878 37.6237 13.7957  2.0   0
61.8279 61.9691 22.7302  2.0   0
61.8279 1.96907 22.7302  2.0   0
4.66386 43.1663 25.2936  2.0   0
26.0179 54.7382 23.4144  2.0   0
5.77755 22.9488 15.9884  2.0   0
7.26246 37.7807 7.47643  2.0   0
32.9961 12.6321 13.4674  2.0   0
69.0389 2.02098 27.6234  2.0   0
69.0389 62.021 27.6234  2.0   0
78.4574 45.6448 17.903  2.0   0
49.9414 22.5719 20.5017  2.0   0
58.8928 6.84658 2.15696  2.0   0
58.8928 6.84658 30.157  2.0   0
72.5588 48.7887 5.92424  2.0   0
92.3231 44.297 4.51769  2.0   0
0.323068 44.297 4.51769  2.0   0
6.55361 10.9132 5.85223  2.0   0
28.2726 2.97883 4.56705  2.0   0
28.2726 62.9788 4.56705  2.0   0
18.4994 50.5876 26.918  2.0   0
9.58507 41.3113 4.35278  2.0   0
69.5576 30.0239 6.55669  2.0   0
22.0825 49.2236 13.1398  2.0   0
81.4747 61.7375 26.144  2.0   0
81.4747 1.73753 26.144  2.0   0
13.0409 27.4279 26.4954  2.0   0
71.048 51.3883 15.4013  2.0   0
63.8494 37.7573 25.9663  2.0   0
34.3135 31.7443 28.8696  2.0   0
34.3135 31.7443 0.869613  2.0   0
17.2497 8.22453 2.437  2.0   0
17.2497 8.22453 30.437  2.0   0
69.7831 8.16448 23.9552  2.0   0
72.8444 22.3712 9.8304  2.0   0
86.7029 9.35455 15.7921  2.0   0
17.9152 57.6126 20.4871  2.0   0
18.878 21.5966 26.3211  2.0   0
14.0554 24.9619 10.2835  2.0   0
30.3864 8.20884 13.1455  2.0   0
27.1228 8.05644 7.72838  2.0   0
70.2988 17.076 5.81441  2.0   0
47.9236 15.1911 28.6561  2.0   0
47.9236 15.1911 0.656106  2.0   0
53.6857 12.6557 3.97631  2.0   0
53.6857 12.6557 31.9763  2.0   0
30.7161 6.49199 6.57822  2.0   0
80.888 22.0441 2.96124  2.0   0
80.888 22.0441 30.9612  2.0   0
12.0919 48.7557 6.06514  2.0   0
59.2557 6.31725 11.295  2.0   0
37.6687 48.037 9.05138  2.0   0
29.6946 60.1189 11.7306  2.0   0
29.6946 0.118949 11.7306  2.0   0
7.19605 45.7823 8.43587  2.0   0
72.6032 13.273 2.35312  2.0   0
72.6032 13.273 30.3531  2.0   0
67.9335 37.9431 18.6162  2.0   0
58.4989 47.7289 19.235  2.0   0
19.9643 33.4204 13.4664  2.0   0
9.47257 5.68377 26.5404  2.0   0
93.8302 59.0108 22.6476  2.0   0
1.83019 59.0108 22.6476  2.0   0
55.7169 54.745 4.72115  2.0   0
59.189 11.0438 27.5756  2.0   0
89.2849 58.7354 27.047  2.0   0
61.5269 52.7369 20.2127  2.0   0
74.605 43.1026 23.9344  2.0   0
77.0263 10.2592 9.85587  2.0   0
51.6361 44.1941 21.4613  2.0   0
10.7595 51.4713 12.9649  2.0   0
54.7357 24.5842 3.32022  2.0   0
54.7357 24.5842 31.3202  2.0   0
45.4294 59.4971 21.7273  2.0   0
39.6135 17.2374 18.0418  2.0   0
37.4617 20.7947 12.8476  2.0   0
73.2162 7.69372 29.4999  2.0   0
73.2162 7.69372 1.49991  2.0   0
39.6943 57.5426 15.3765  2.0   0
56.6788 20.2314 4.62786  2.0   0
41.2158 25.249 17.74  2.0   0
53.2453 17.7294 10.0243  2.0   0
40.1148 30.7952 7.34838  2.0   0
27.0013 14.7246 28.762  2.0   0
27.0013 14.7246 0.761993  2.0   0
22.4907 19.2359 28.7217  2.0   0
22.4907 19.2359 0.721713  2.0   0
17.1991 45.5926 16.5279  2.0   0
21.6289 16.2353 5.00641  2.0   0
64.3624 4.46414 12.3456  2.0   0
22.4821 7.3484 2.72005  2.0   0
22.4821 7.3484 30.72  2.0   0
73.1188 11.5774 26.6507  2.0   0
51.727 4.38845 23.2268  2.0   0
25.5697 25.1154 5.03462  2.0   0
49.4105 34.6441 3.53733  2.0   0
49.4105 34.6441 31.5373  2.0   0
51.8754 32.1945 21.1216  2.0   0
27.0283 19.5858 27.0276  2.0   0
34.4403 61.0537 9.40263  2.0   0
34.4403 1.05367 9.40263  2.0   0
93.5086 54.9323 8.26794  2.0   0
1.50859 54.9323 8.26794  2.0   0
15.9993 33.8153 6.80286  2.0   0
27.4554 37.832 19.6692  2.0   0
89.9684 13.0575 21.5361  2.0   0
63.032 3.09703 8.49083  2.0   0
63.032 63.097 8.49083  2.0   0
44.9238 5.28029 28.7367  2.0   0
44.9238 5.28029 0.736701  2.0   0
12.9519 6.92583 15.0948  2.0   0
36.6995 34.7871 26.8765  2.0   0
36.4687 56.4893 21.3258  2.0   0
73.4772 20.1211 26.5946  2.0   0
93.1754 22.8212 4.22985  2.0   0
1.17543 22.8212 4.22985  2.0   0
16.4401 46.0576 3.7804  2.0   0
16.4401 46.0576 31.7804  2.0   0
61.4624 24.6081 11.4572  2.0   0
77.7391 36.2897 20.8357  2.0   0
83.1133 15.9542 23.2511  2.0   0
6.98005 3.54299 17.0108  2.0   0
6.98005 63.543 17.0108  2.0   0
16.6045 22.5511 5.05871  2.0   0
55.4396 43.6119 7.87213  2.0   0
75.2375 50.3144 12.1291  2.0   0
35.91 9.3098 14.4084  2.0   0
12.514 51.9988 27.678  2.0   0
81.1672 31.5184 19.737  2.0   0
22.1673 25.7908 26.2066  2.0   0
16.6282 54.0141 21.9965  2.0   0
41.4317 16.7804 5.71548  2.0   0
63.6122 13.2724 22.8051  2.0   0
52.0881 27.3634 17.0123  2.0   0
11.1292 34.2362 19.3154  2.0   0
85.9407 29.5115 10.4381  2.0   0
86.032 29.8131 2.91204  2.0   0
86.032 29.8131 30.912  2.0   0
7.61068 16.517 20.4174  2.0   0
12.4294 8.81015 27.1606  2.0   0
17.8745 9.88771 23.3422  2.0   0
10.6251 11.8358 16.7936  2.0   0
22.5331 11.301 9.11178  2.0   0
64.7486 38.1627 29.8706  2.0   0
64.7486 38.1627 1.87064  2.0   0
32.9072 26.8143 9.97857  2.0   0
43.3717 16.831 27.5453  2.0   0
72.1953 26.2715 10.6673  2.0   0
87.7055 58.9956 3.46323  2.0   0
87.7055 58.9956 31.4632  2.0   0
14.924 21.6012 25.2276  2.0   0
56.6038 36.6225 23.8678  2.0   0
81.6033 48.6835 22.1215  2.0   0
51.6718 22.9239 16.118  2.0   0
3.31361 41.1642 19.0296  2.0   0
95.3136 41.1642 19.0296  2.0   0
69.166 28.8581 20.2032  2.0   0
2.0369 50.6103 23.2119  2.0   0
94.0369 50.6103 23.2119  2.0   0
4.92422 25.4637 8.05645  2.0   0
82.2131 47.9094 13.7524  2.0   0
29.346 47.3592 14.2307  2.0   0
45.2168 8.43551 18.2272  2.0   0
79.7945 10.4553 13.2791  2.0   0
86.75 52.7678 10.5181  2.0   0
38.3466 12.5078 20.8085  2.0   0
47.2299 43.4724 16.5138  2.0   0
2.80845 52.2561 15.1417  2.0   0
94.8085 52.2561 15.1417  2.0   0
81.3497 50.3424 8.13687  2.0   0
37.276 25.9562 23.2311  2.0   0
58.7996 19.9899 13.3072  2.0   0
8.49297 41.6318 14.9478  2.0   0
61.423 36.5422 17.9039  2.0   0
92.5505 39.3722 6.17988  2.0   0
0.550527 39.3722 6.17988  2.0   0
28.4257 56.6381 27.8407  2.0   0
49.7271 9.91888 6.47227  2.0   0
15.4671 19.3491 15.4154  2.0   0
58.6698 2.45035 5.83402  2.0   0
58.6698 62.4503 5.83402  2.0   0
87.2407 28.1104 18.2264  2.0   0
11.3076 18.6328 26.9611  2.0   0
88.0893 57.3469 9.26754  2.0   0
77.1728 53.6203 23.1525  2.0   0
15.1767 19.9308 19.9695  2.0   0
66.7031 58.863 16.5671  2.0   0
40.8251 4.49317 22.259  2.0   0
22.2964 61.764 21.2326  2.0   0
22.2964 1.76401 21.2326  2.0   0
71.8043 47.3716 15.5331  2.0   0
49.0674 30.7704 27.9059  2.0   0
84.0521 40.4806 4.31236  2.0   0
9.74171 20.0212 9.47662  2.0   0
54.1346 44.4323 14.1274  2.0   0
58.4955 54.4656 17.6078  2.0   0
79.7953 35.3351 2.01566  2.0   0
79.7953 35.3351 30.0157  2.0   0
39.1696 51.4234 25.9233  2.0   0
43.5569 5.44909 5.68389  2.0   0
32.4255 50.6155 18.8138  2.0   0
23.0983 32.2053 16.3876  2.0   0
14.4091 55.8983 3.46713  2.0   0
14.4091 55.8983 31.4671  2.0   0
55.3615 19.7998 15.9804  2.0   0
69.2926 12.35 4.63527  2.0   0
50.7434 13.8837 21.5468  2.0   0
86.8262 19.4759 17.6326  2.0   0
83.9627 53.4943 14.6561  2.0   0
45.3958 42.0434 23.2685  2.0   0
57.3824 48.3961 8.15216  2.0   0
8.12205 28.0524 11.048  2.0   0
49.1456 36.6329 8.02823  2.0   0
89.5258 40.7884 14.227  2.0   0
78.3789 14.1519 14.6221  2.0   0
37.5475 41.9863 29.9801  2.0   0
37.5475 41.9863 1.98008  2.0   0
75.2803 28.2355 8.6345  2.0   0
11.2099 21.2687 16.5007  2.0   0
62.8826 58.5906 18.4583  2.0   0
81.48 32.1363 6.9892  2.0   0
69.7604 41.0608 8.73531  2.0   0
64.6301 23.0963 27.9829  2.0   0
89.0865 61.0857 14.2527  2.0   0
89.0865 1.0857 14.2527  2.0   0
16.8277 52.0613 2.74262  2.0   0
16.8277 52.0613 30.7426  2.0   0
69.3612 6.72767 19.7501  2.0   0
2.48458 17.4922 18.5709  2.0   0
94.4846 17.4922 18.5709  2.0   0
55.2963 27.7563 20.5046  2.0   0
27.5973 18.1067 22.3006  2.0   0
34.4034 20.7984 6.54205  2.0   0
36.3799 5.35824 8.90074  2.0   0
27.797 31.8111 27.9578  2.0   0
48.7326 21.8278 6.4392  2.0   0
2.82362 29.1559 11.023  2.0   0
94.8236 29.1559 11.023  2.0   0
19.696 49.5733 19.8764  2.0   0
5.23789 58.7075 3.52526  2.0   0
5.23789 58.7075 31.5253  2.0   0
32.8935 30.0814 20.8548  2.0   0
11.3722 24.6684 23.9054  2.0   0
77.5102 55.5529 5.45273  2.0   0
15.1485 31.38 9.93402  2.0   0
50.2688 6.26498 17.7945  2.0   0
81.3845 35.1019 16.5408  2.0   0
37.0614 10.2591 24.1021  2.0   0
53.1802 55.6956 22.0262  2.0   0
47.526 50.6943 28.7455  2.0   0
47.526 50.6943 0.745467  2.0   0
28.1325 9.64889 25.8979  2.0   0
23.9663 32.2488 20.9563  2.0   0
15.7976 13.8311 16.5927  2.0   0
33.0079 9.69912 4.95055  2.0   0
20.1936 48.5189 4.48106  2.0   0
25.7946 21.4802 17.2177  2.0   0
41.2396 9.26202 17.9236  2.0   0
54.7536 16.0987 20.1404  2.0   0
30.941 47.7141 21.5404  1.8   0
