384
4.0 4.0 4.0 2.0 0
4.0 4.0 12.0 2.0 0
4.0 4.0 20.0 2.0 0
4.0 4.0 28.0 2.0 0
4.0 12.0 4.0 2.0 0
4.0 12.0 12.0 2.0 0
4.0 12.0 20.0 2.0 0
4.0 12.0 28.0 2.0 0
4.0 20.0 4.0 2.0 0
4.0 20.0 12.0 2.0 0
4.0 20.0 20.0 2.0 0
4.0 20.0 28.0 2.0 0
4.0 28.0 4.0 2.0 0
4.0 28.0 12.0 2.0 0
4.0 28.0 20.0 2.0 0
4.0 28.0 28.0 2.0 0
4.0 36.0 4.0 2.0 0
4.0 36.0 12.0 2.0 0
4.0 36.0 20.0 2.0 0
4.0 36.0 28.0 2.0 0
4.0 44.0 4.0 2.0 0
4.0 44.0 12.0 2.0 0
4.0 44.0 20.0 2.0 0
4.0 44.0 28.0 2.0 0
4.0 52.0 4.0 2.0 0
4.0 52.0 12.0 2.0 0
4.0 52.0 20.0 2.0 0
4.0 52.0 28.0 2.0 0
4.0 60.0 4.0 2.0 0
4.0 60.0 12.0 2.0 0
4.0 60.0 20.0 2.0 0
4.0 60.0 28.0 2.0 0
12.0 4.0 4.0 2.0 0
12.0 4.0 12.0 2.0 0
12.0 4.0 20.0 2.0 0
12.0 4.0 28.0 2.0 0
12.0 12.0 4.0 2.0 0
12.0 12.0 12.0 2.0 0
12.0 12.0 20.0 2.0 0
12.0 12.0 28.0 2.0 0
12.0 20.0 4.0 2.0 0
12.0 20.0 12.0 2.0 0
12.0 20.0 20.0 2.0 0
12.0 20.0 28.0 2.0 0
12.0 28.0 4.0 2.0 0
12.0 28.0 12.0 2.0 0
12.0 28.0 20.0 2.0 0
12.0 28.0 28.0 2.0 0
12.0 36.0 4.0 2.0 0
12.0 36.0 12.0 2.0 0
12.0 36.0 20.0 2.0 0
12.0 36.0 28.0 2.0 0
12.0 44.0 4.0 2.0 0
12.0 44.0 12.0 2.0 0
12.0 44.0 20.0 2.0 0
12.0 44.0 28.0 2.0 0
12.0 52.0 4.0 2.0 0
12.0 52.0 12.0 2.0 0
12.0 52.0 20.0 2.0 0
12.0 52.0 28.0 2.0 0
12.0 60.0 4.0 2.0 0
12.0 60.0 12.0 2.0 0
12.0 60.0 20.0 2.0 0
12.0 60.0 28.0 2.0 0
20.0 4.0 4.0 2.0 0
20.0 4.0 12.0 2.0 0
20.0 4.0 20.0 2.0 0
20.0 4.0 28.0 2.0 0
20.0 12.0 4.0 2.0 0
20.0 12.0 12.0 2.0 0
20.0 12.0 20.0 2.0 0
20.0 12.0 28.0 2.0 0
20.0 20.0 4.0 2.0 0
20.0 20.0 12.0 2.0 0
20.0 20.0 20.0 2.0 0
20.0 20.0 28.0 2.0 0
20.0 28.0 4.0 2.0 0
20.0 28.0 12.0 2.0 0
20.0 28.0 20.0 2.0 0
20.0 28.0 28.0 2.0 0
20.0 36.0 4.0 2.0 0
20.0 36.0 12.0 2.0 0
20.0 36.0 20.0 2.0 0
20.0 36.0 28.0 2.0 0
20.0 44.0 4.0 2.0 0
20.0 44.0 12.0 2.0 0
20.0 44.0 20.0 2.0 0
20.0 44.0 28.0 2.0 0
20.0 52.0 4.0 2.0 0
20.0 52.0 12.0 2.0 0
20.0 52.0 20.0 2.0 0
20.0 52.0 28.0 2.0 0
20.0 60.0 4.0 2.0 0
20.0 60.0 12.0 2.0 0
20.0 60.0 20.0 2.0 0
20.0 60.0 28.0 2.0 0
28.0 4.0 4.0 2.0 0
28.0 4.0 12.0 2.0 0
28.0 4.0 20.0 2.0 0
28.0 4.0 28.0 2.0 0
28.0 12.0 4.0 2.0 0
28.0 12.0 12.0 2.0 0
28.0 12.0 20.0 2.0 0
28.0 12.0 28.0 2.0 0
28.0 20.0 4.0 2.0 0
28.0 20.0 12.0 2.0 0
28.0 20.0 20.0 2.0 0
28.0 20.0 28.0 2.0 0
28.0 28.0 4.0 2.0 0
28.0 28.0 12.0 2.0 0
28.0 28.0 20.0 2.0 0
28.0 28.0 28.0 2.0 0
28.0 36.0 4.0 2.0 0
28.0 36.0 12.0 2.0 0
28.0 36.0 20.0 2.0 0
28.0 36.0 28.0 2.0 0
28.0 44.0 4.0 2.0 0
28.0 44.0 12.0 2.0 0
28.0 44.0 20.0 2.0 0
28.0 44.0 28.0 2.0 0
28.0 52.0 4.0 2.0 0
28.0 52.0 12.0 2.0 0
28.0 52.0 20.0 2.0 0
28.0 52.0 28.0 2.0 0
28.0 60.0 4.0 2.0 0
28.0 60.0 12.0 2.0 0
28.0 60.0 20.0 2.0 0
28.0 60.0 28.0 2.0 0
36.0 4.0 4.0 2.0 0
36.0 4.0 12.0 2.0 0
36.0 4.0 20.0 2.0 0
36.0 4.0 28.0 2.0 0
36.0 12.0 4.0 2.0 0
36.0 12.0 12.0 2.0 0
36.0 12.0 20.0 2.0 0
36.0 12.0 28.0 2.0 0
36.0 20.0 4.0 2.0 0
36.0 20.0 12.0 2.0 0
36.0 20.0 20.0 2.0 0
36.0 20.0 28.0 2.0 0
36.0 28.0 4.0 2.0 0
36.0 28.0 12.0 2.0 0
36.0 28.0 20.0 2.0 0
36.0 28.0 28.0 2.0 0
36.0 36.0 4.0 2.0 0
36.0 36.0 12.0 2.0 0
36.0 36.0 20.0 2.0 0
36.0 36.0 28.0 2.0 0
36.0 44.0 4.0 2.0 0
36.0 44.0 12.0 2.0 0
36.0 44.0 20.0 2.0 0
36.0 44.0 28.0 2.0 0
36.0 52.0 4.0 2.0 0
36.0 52.0 12.0 2.0 0
36.0 52.0 20.0 2.0 0
36.0 52.0 28.0 2.0 0
36.0 60.0 4.0 2.0 0
36.0 60.0 12.0 2.0 0
36.0 60.0 20.0 2.0 0
36.0 60.0 28.0 2.0 0
44.0 4.0 4.0 2.0 0
44.0 4.0 12.0 2.0 0
44.0 4.0 20.0 2.0 0
44.0 4.0 28.0 2.0 0
44.0 12.0 4.0 2.0 0
44.0 12.0 12.0 2.0 0
44.0 12.0 20.0 2.0 0
44.0 12.0 28.0 2.0 0
44.0 20.0 4.0 2.0 0
44.0 20.0 12.0 2.0 0
44.0 20.0 20.0 2.0 0
44.0 20.0 28.0 2.0 0
44.0 28.0 4.0 2.0 0
44.0 28.0 12.0 2.0 0
44.0 28.0 20.0 2.0 0
44.0 28.0 28.0 2.0 0
44.0 36.0 4.0 2.0 0
44.0 36.0 12.0 2.0 0
44.0 36.0 20.0 2.0 0
44.0 36.0 28.0 2.0 0
44.0 44.0 4.0 2.0 0
44.0 44.0 12.0 2.0 0
44.0 44.0 20.0 2.0 0
44.0 44.0 28.0 2.0 0
44.0 52.0 4.0 2.0 0
44.0 52.0 12.0 2.0 0
44.0 52.0 20.0 2.0 0
44.0 52.0 28.0 2.0 0
44.0 60.0 4.0 2.0 0
44.0 60.0 12.0 2.0 0
44.0 60.0 20.0 2.0 0
44.0 60.0 28.0 2.0 0
52.0 4.0 4.0 2.0 0
52.0 4.0 12.0 2.0 0
52.0 4.0 20.0 2.0 0
52.0 4.0 28.0 2.0 0
52.0 12.0 4.0 2.0 0
52.0 12.0 12.0 2.0 0
52.0 12.0 20.0 2.0 0
52.0 12.0 28.0 2.0 0
52.0 20.0 4.0 2.0 0
52.0 20.0 12.0 2.0 0
52.0 20.0 20.0 2.0 0
52.0 20.0 28.0 2.0 0
52.0 28.0 4.0 2.0 0
52.0 28.0 12.0 2.0 0
52.0 28.0 20.0 2.0 0
52.0 28.0 28.0 2.0 0
52.0 36.0 4.0 2.0 0
52.0 36.0 12.0 2.0 0
52.0 36.0 20.0 2.0 0
52.0 36.0 28.0 2.0 0
52.0 44.0 4.0 2.0 0
52.0 44.0 12.0 2.0 0
52.0 44.0 20.0 2.0 0
52.0 44.0 28.0 2.0 0
52.0 52.0 4.0 2.0 0
52.0 52.0 12.0 2.0 0
52.0 52.0 20.0 2.0 0
52.0 52.0 28.0 2.0 0
52.0 60.0 4.0 2.0 0
52.0 60.0 12.0 2.0 0
52.0 60.0 20.0 2.0 0
52.0 60.0 28.0 2.0 0
60.0 4.0 4.0 2.0 0
60.0 4.0 12.0 2.0 0
60.0 4.0 20.0 2.0 0
60.0 4.0 28.0 2.0 0
60.0 12.0 4.0 2.0 0
60.0 12.0 12.0 2.0 0
60.0 12.0 20.0 2.0 0
60.0 12.0 28.0 2.0 0
60.0 20.0 4.0 2.0 0
60.0 20.0 12.0 2.0 0
60.0 20.0 20.0 2.0 0
60.0 20.0 28.0 2.0 0
60.0 28.0 4.0 2.0 0
60.0 28.0 12.0 2.0 0
60.0 28.0 20.0 2.0 0
60.0 28.0 28.0 2.0 0
60.0 36.0 4.0 2.0 0
60.0 36.0 12.0 2.0 0
60.0 36.0 20.0 2.0 0
60.0 36.0 28.0 2.0 0
60.0 44.0 4.0 2.0 0
60.0 44.0 12.0 2.0 0
60.0 44.0 20.0 2.0 0
60.0 44.0 28.0 2.0 0
60.0 52.0 4.0 2.0 0
60.0 52.0 12.0 2.0 0
60.0 52.0 20.0 2.0 0
60.0 52.0 28.0 2.0 0
60.0 60.0 4.0 2.0 0
60.0 60.0 12.0 2.0 0
60.0 60.0 20.0 2.0 0
60.0 60.0 28.0 2.0 0
68.0 4.0 4.0 2.0 0
68.0 4.0 12.0 2.0 0
68.0 4.0 20.0 2.0 0
68.0 4.0 28.0 2.0 0
68.0 12.0 4.0 2.0 0
68.0 12.0 12.0 2.0 0
68.0 12.0 20.0 2.0 0
68.0 12.0 28.0 2.0 0
68.0 20.0 4.0 2.0 0
68.0 20.0 12.0 2.0 0
68.0 20.0 20.0 2.0 0
68.0 20.0 28.0 2.0 0
68.0 28.0 4.0 2.0 0
68.0 28.0 12.0 2.0 0
68.0 28.0 20.0 2.0 0
68.0 28.0 28.0 2.0 0
68.0 36.0 4.0 2.0 0
68.0 36.0 12.0 2.0 0
68.0 36.0 20.0 2.0 0
68.0 36.0 28.0 2.0 0
68.0 44.0 4.0 2.0 0
68.0 44.0 12.0 2.0 0
68.0 44.0 20.0 2.0 0
68.0 44.0 28.0 2.0 0
68.0 52.0 4.0 2.0 0
68.0 52.0 12.0 2.0 0
68.0 52.0 20.0 2.0 0
68.0 52.0 28.0 2.0 0
68.0 60.0 4.0 2.0 0
68.0 60.0 12.0 2.0 0
68.0 60.0 20.0 2.0 0
68.0 60.0 28.0 2.0 0
76.0 4.0 4.0 2.0 0
76.0 4.0 12.0 2.0 0
76.0 4.0 20.0 2.0 0
76.0 4.0 28.0 2.0 0
76.0 12.0 4.0 2.0 0
76.0 12.0 12.0 2.0 0
76.0 12.0 20.0 2.0 0
76.0 12.0 28.0 2.0 0
76.0 20.0 4.0 2.0 0
76.0 20.0 12.0 2.0 0
76.0 20.0 20.0 2.0 0
76.0 20.0 28.0 2.0 0
76.0 28.0 4.0 2.0 0
76.0 28.0 12.0 2.0 0
76.0 28.0 20.0 2.0 0
76.0 28.0 28.0 2.0 0
76.0 36.0 4.0 2.0 0
76.0 36.0 12.0 2.0 0
76.0 36.0 20.0 2.0 0
76.0 36.0 28.0 2.0 0
76.0 44.0 4.0 2.0 0
76.0 44.0 12.0 2.0 0
76.0 44.0 20.0 2.0 0
76.0 44.0 28.0 2.0 0
76.0 52.0 4.0 2.0 0
76.0 52.0 12.0 2.0 0
76.0 52.0 20.0 2.0 0
76.0 52.0 28.0 2.0 0
76.0 60.0 4.0 2.0 0
76.0 60.0 12.0 2.0 0
76.0 60.0 20.0 2.0 0
76.0 60.0 28.0 2.0 0
84.0 4.0 4.0 2.0 0
84.0 4.0 12.0 2.0 0
84.0 4.0 20.0 2.0 0
84.0 4.0 28.0 2.0 0
84.0 12.0 4.0 2.0 0
84.0 12.0 12.0 2.0 0
84.0 12.0 20.0 2.0 0
84.0 12.0 28.0 2.0 0
84.0 20.0 4.0 2.0 0
84.0 20.0 12.0 2.0 0
84.0 20.0 20.0 2.0 0
84.0 20.0 28.0 2.0 0
84.0 28.0 4.0 2.0 0
84.0 28.0 12.0 2.0 0
84.0 28.0 20.0 2.0 0
84.0 28.0 28.0 2.0 0
84.0 36.0 4.0 2.0 0
84.0 36.0 12.0 2.0 0
84.0 36.0 20.0 2.0 0
84.0 36.0 28.0 2.0 0
84.0 44.0 4.0 2.0 0
84.0 44.0 12.0 2.0 0
84.0 44.0 20.0 2.0 0
84.0 44.0 28.0 2.0 0
84.0 52.0 4.0 2.0 0
84.0 52.0 12.0 2.0 0
84.0 52.0 20.0 2.0 0
84.0 52.0 28.0 2.0 0
84.0 60.0 4.0 2.0 0
84.0 60.0 12.0 2.0 0
84.0 60.0 20.0 2.0 0
84.0 60.0 28.0 2.0 0
92.0 4.0 4.0 2.0 0
92.0 4.0 12.0 2.0 0
92.0 4.0 20.0 2.0 0
92.0 4.0 28.0 2.0 0
92.0 12.0 4.0 2.0 0
92.0 12.0 12.0 2.0 0
92.0 12.0 20.0 2.0 0
92.0 12.0 28.0 2.0 0
92.0 20.0 4.0 2.0 0
92.0 20.0 12.0 2.0 0
92.0 20.0 20.0 2.0 0
92.0 20.0 28.0 2.0 0
92.0 28.0 4.0 2.0 0
92.0 28.0 12.0 2.0 0
92.0 28.0 20.0 2.0 0
92.0 28.0 28.0 2.0 0
92.0 36.0 4.0 2.0 0
92.0 36.0 12.0 2.0 0
92.0 36.0 20.0 2.0 0
92.0 36.0 28.0 2.0 0
92.0 44.0 4.0 2.0 0
92.0 44.0 12.0 2.0 0
92.0 44.0 20.0 2.0 0
92.0 44.0 28.0 2.0 0
92.0 52.0 4.0 2.0 0
92.0 52.0 12.0 2.0 0
92.0 52.0 20.0 2.0 0
92.0 52.0 28.0 2.0 0
92.0 60.0 4.0 2.0 0
92.0 60.0 12.0 2.0 0
92.0 60.0 20.0 2.0 0
92.0 60.0 28.0 2.0 0
