0.925300 39.125000 39.125000 39.125000 39.125000 39.125000 5.053333 4.706667 8.813333 4.306667 5.480000 9.213333 3.906667 2.253333 4.440000 0.000000 0.000000 0.315250 0.044650
0.138460 36.091667 36.091667 36.091667 36.091667 36.091667 2.786667 6.946667 6.386667 9.933333 8.280000 5.640000 4.546667 7.853333 6.146667 0.000000 0.000000 0.120550 0.605650
0.194900 32.008333 32.008333 32.008333 32.008333 32.008333 9.560000 6.333333 2.706667 9.746667 7.346667 4.573333 2.306667 7.640000 5.853333 0.000000 0.000000 0.000000 0.024850
0.377500 32.008333 32.008333 32.008333 32.008333 32.008333 8.013333 6.413333 3.293333 4.920000 5.186667 5.133333 8.653333 6.706667 2.626667 0.000000 0.000000 0.000000 0.674950
0.613220 36.325000 36.325000 36.325000 36.325000 36.325000 8.760000 3.213333 2.226667 6.120000 5.426667 7.080000 9.000000 3.586667 5.853333 0.000000 0.000000 0.000000 0.830050
0.623180 32.941667 32.941667 32.941667 32.941667 32.941667 2.466667 4.413333 5.800000 3.560000 7.986667 3.880000 7.000000 4.093333 2.920000 0.000000 0.000000 0.556150 0.044650
0.878820 38.541667 38.541667 38.541667 38.541667 38.541667 6.093333 7.533333 3.533333 7.426667 9.213333 5.133333 2.146667 4.680000 4.893333 0.000000 0.000000 0.971950 0.024850
0.387460 34.691667 34.691667 34.691667 34.691667 34.691667 5.560000 5.720000 3.106667 4.253333 2.573333 4.520000 4.546667 7.320000 9.853333 0.000000 0.000000 0.668350 0.348250
0.018940 38.775000 38.775000 38.775000 38.775000 38.775000 6.760000 8.733333 2.440000 2.840000 4.360000 7.613333 4.786667 2.893333 6.653333 0.000000 0.000000 0.054550 0.453850
0.848940 34.458333 34.458333 34.458333 34.458333 34.458333 2.146667 2.653333 4.040000 6.973333 8.733333 5.106667 9.720000 9.320000 6.733333 0.000000 0.000000 0.661750 0.843250
0.799140 31.191667 31.191667 31.191667 31.191667 31.191667 2.813333 8.173333 2.573333 7.933333 8.626667 2.200000 4.893333 2.413333 8.146667 0.000000 0.000000 0.000000 0.084250
0.327700 23.841667 23.841667 23.841667 23.841667 23.841667 9.693333 2.680000 2.520000 9.053333 9.346667 2.786667 6.813333 6.653333 4.093333 0.000000 0.000000 0.282250 0.955450
0.384140 39.241667 39.241667 39.241667 39.241667 39.241667 2.600000 8.653333 3.026667 3.533333 3.480000 6.440000 8.226667 4.573333 6.226667 0.000000 0.000000 0.000000 0.212950
0.985060 35.158333 35.158333 35.158333 35.158333 35.158333 5.720000 8.466667 8.066667 9.960000 9.906667 7.613333 4.706667 2.813333 7.826667 0.000000 0.000000 0.000000 0.437350
0.676300 34.575000 34.575000 34.575000 34.575000 34.575000 7.746667 5.106667 6.466667 6.440000 6.866667 7.053333 6.306667 6.226667 3.053333 0.000000 0.000000 0.000000 0.028150
0.580020 35.275000 35.275000 35.275000 35.275000 35.275000 5.986667 4.386667 4.413333 8.626667 7.960000 4.306667 2.386667 2.200000 4.520000 0.000000 0.000000 0.523150 0.000000
0.875500 26.875000 26.875000 26.875000 26.875000 26.875000 3.880000 9.293333 2.440000 6.466667 5.986667 4.226667 9.106667 4.253333 5.160000 0.000000 0.000000 0.000000 0.493450
0.526900 28.158333 28.158333 28.158333 28.158333 28.158333 8.973333 3.506667 3.880000 2.546667 6.600000 4.546667 7.906667 3.506667 5.853333 0.000000 0.000000 0.000000 0.325150
0.165020 37.375000 37.375000 37.375000 37.375000 37.375000 3.053333 3.320000 2.946667 5.933333 6.920000 6.573333 2.813333 7.080000 8.626667 0.000000 0.000000 0.714550 0.024850
0.257980 29.208333 29.208333 29.208333 29.208333 29.208333 9.906667 5.133333 2.066667 2.013333 4.226667 5.560000 4.040000 5.240000 8.493333 0.000000 0.000000 0.585850 0.000000
0.473780 37.025000 37.025000 37.025000 37.025000 37.025000 7.453333 3.133333 2.386667 7.106667 3.826667 3.906667 4.360000 2.520000 7.400000 0.000000 0.000000 0.000000 0.031450
0.935260 38.658333 38.658333 38.658333 38.658333 38.658333 7.746667 9.293333 4.813333 5.266667 8.573333 8.520000 9.800000 5.800000 9.213333 0.767350 0.000000 0.000000 0.622150
0.131820 28.508333 28.508333 28.508333 28.508333 28.508333 6.893333 6.200000 3.933333 8.306667 9.720000 6.760000 7.800000 5.160000 5.880000 0.694750 0.000000 0.000000 0.698050
0.616540 39.008333 39.008333 39.008333 39.008333 39.008333 6.040000 4.520000 3.560000 9.480000 7.693333 8.653333 7.240000 7.106667 2.040000 0.929050 0.000000 0.391150 0.856450
0.769260 14.158333 14.158333 14.158333 14.158333 14.158333 9.213333 9.640000 2.200000 8.866667 9.826667 2.866667 9.960000 9.266667 6.626667 0.995050 0.000000 0.000000 0.787150
0.281220 35.625000 35.625000 35.625000 35.625000 35.625000 5.613333 7.800000 3.293333 2.013333 5.666667 7.586667 9.853333 2.813333 2.920000 0.985150 0.000000 0.000000 0.000000
0.819060 31.658333 31.658333 31.658333 31.658333 31.658333 7.560000 9.053333 3.613333 2.680000 3.240000 6.040000 4.200000 8.573333 4.786667 0.549550 0.000000 0.995050 0.212950
0.948540 35.741667 35.741667 35.741667 35.741667 35.741667 6.760000 7.000000 3.453333 8.493333 9.026667 5.133333 8.520000 8.786667 9.186667 0.707950 0.000000 0.153550 0.100750
0.699540 29.675000 29.675000 29.675000 29.675000 29.675000 7.986667 3.480000 2.813333 6.893333 3.400000 9.773333 5.213333 5.293333 4.493333 0.734350 0.000000 0.985150 0.975250
0.477100 38.191667 38.191667 38.191667 38.191667 38.191667 7.186667 9.666667 5.213333 7.213333 4.653333 5.080000 3.533333 3.080000 2.066667 0.014950 0.000000 0.000000 0.000000
0.387460 21.858333 21.858333 21.858333 21.858333 21.858333 6.226667 2.546667 9.400000 9.640000 5.080000 8.546667 7.480000 6.920000 6.093333 0.381250 0.000000 0.000000 0.625450
0.586660 26.291667 26.291667 26.291667 26.291667 26.291667 6.813333 2.386667 3.773333 8.493333 8.440000 3.480000 7.186667 2.866667 4.600000 0.490150 0.000000 0.886150 0.107350
0.450540 27.575000 27.575000 27.575000 27.575000 27.575000 3.000000 7.906667 3.933333 9.160000 4.706667 8.626667 5.533333 8.413333 7.106667 0.998350 0.000000 0.000000 0.239350
0.264620 26.991667 26.991667 26.991667 26.991667 26.991667 7.640000 2.253333 4.386667 6.066667 2.626667 4.680000 9.346667 7.986667 9.453333 0.618850 0.000000 0.000000 0.087550
0.354260 31.658333 31.658333 31.658333 31.658333 31.658333 3.053333 4.253333 2.013333 8.626667 9.346667 6.466667 2.653333 6.706667 5.426667 0.846550 0.000000 0.000000 0.945550
0.775900 27.225000 27.225000 27.225000 27.225000 27.225000 9.106667 5.186667 4.573333 8.893333 4.973333 7.960000 6.786667 6.946667 5.960000 0.810250 0.000000 0.704650 0.120550
0.626500 26.875000 26.875000 26.875000 26.875000 26.875000 9.026667 4.786667 3.773333 3.666667 3.933333 3.106667 9.533333 5.026667 9.480000 0.490150 0.000000 0.000000 0.318550
0.669660 18.475000 18.475000 18.475000 18.475000 18.475000 2.920000 2.040000 5.480000 7.453333 5.960000 3.186667 6.600000 6.573333 3.586667 0.252550 0.000000 0.000000 0.529750
0.686260 24.775000 24.775000 24.775000 24.775000 24.775000 2.866667 9.613333 4.066667 4.813333 4.973333 5.293333 4.626667 9.613333 6.253333 0.909250 0.000000 0.117250 0.922450
0.101940 31.775000 31.775000 31.775000 31.775000 31.775000 4.253333 6.893333 3.720000 8.786667 3.906667 4.840000 4.386667 7.826667 7.026667 0.975250 0.000000 0.737650 0.011650
0.998340 29.791667 29.791667 29.791667 29.791667 29.791667 5.106667 4.973333 3.960000 2.226667 4.173333 7.586667 9.826667 2.333333 8.893333 0.962050 0.000000 0.905950 0.000000
0.921980 28.391667 28.391667 28.391667 28.391667 28.391667 3.320000 6.600000 4.626667 3.400000 2.386667 3.346667 7.960000 6.680000 5.000000 0.698050 0.000000 0.000000 0.780550
0.038860 35.975000 35.975000 35.975000 35.975000 35.975000 8.360000 3.960000 8.573333 3.240000 9.133333 2.680000 3.480000 5.666667 6.706667 0.275650 0.000000 0.186550 0.265750
0.649740 38.658333 38.658333 38.658333 38.658333 38.658333 7.373333 8.866667 8.280000 2.466667 2.306667 6.280000 6.440000 2.306667 3.746667 0.552850 0.000000 0.863050 0.000000
0.350940 12.525000 12.525000 12.525000 12.525000 12.525000 9.800000 8.226667 5.053333 2.013333 5.586667 2.653333 5.506667 9.426667 4.360000 0.618850 0.000000 0.000000 0.625450
0.875500 30.958333 30.958333 30.958333 30.958333 30.958333 4.946667 3.506667 3.666667 2.893333 5.933333 4.946667 6.173333 3.880000 3.133333 0.919150 0.000000 0.000000 0.000000
0.951860 7.858333 7.858333 7.858333 7.858333 7.858333 4.946667 9.346667 9.000000 6.280000 9.586667 9.533333 5.986667 9.746667 6.653333 0.051250 0.000000 0.000000 0.298750
0.536860 32.241667 32.241667 32.241667 32.241667 32.241667 8.573333 2.813333 3.640000 7.213333 5.506667 4.786667 4.866667 9.240000 2.653333 0.665050 0.000000 0.000000 0.892750
0.433940 37.141667 37.141667 37.141667 37.141667 37.141667 4.013333 8.493333 7.640000 9.906667 7.213333 9.080000 5.746667 8.706667 3.826667 0.853150 0.000000 0.000000 0.000000
0.792500 33.991667 33.991667 33.991667 33.991667 33.991667 4.466667 2.653333 7.026667 4.333333 8.600000 2.520000 3.560000 5.186667 2.573333 0.440650 0.000000 0.000000 0.038050
0.822380 33.291667 33.291667 33.291667 33.291667 33.291667 4.466667 2.733333 7.880000 8.066667 3.826667 9.160000 7.853333 4.760000 8.866667 0.232750 0.000000 0.608950 0.011650
0.769260 28.975000 28.975000 28.975000 28.975000 28.975000 5.293333 5.906667 2.786667 4.386667 7.400000 5.693333 6.226667 3.533333 4.786667 0.985150 0.000000 0.000000 0.302050
0.121860 26.641667 26.641667 26.641667 26.641667 26.641667 5.933333 5.960000 3.960000 2.786667 6.653333 7.266667 9.693333 4.786667 6.706667 0.978550 0.000000 0.000000 0.338350
0.443900 36.325000 36.325000 36.325000 36.325000 36.325000 7.506667 8.146667 5.826667 3.800000 7.666667 3.613333 8.840000 3.293333 8.200000 0.905950 0.000000 0.000000 0.031450
0.719460 37.841667 37.841667 37.841667 37.841667 37.841667 5.800000 2.520000 2.280000 8.786667 8.493333 4.520000 8.333333 4.120000 8.520000 0.863050 0.000000 0.298750 0.061150
0.696220 39.125000 39.125000 39.125000 39.125000 39.125000 6.280000 2.946667 2.146667 8.013333 3.133333 6.573333 5.106667 3.293333 6.920000 0.137050 0.000000 0.000000 0.760750
0.513620 39.125000 39.125000 39.125000 39.125000 39.125000 9.933333 2.680000 4.520000 9.586667 5.906667 6.093333 7.906667 3.826667 5.960000 0.476950 0.000000 0.000000 0.341650
0.194900 39.358333 39.358333 39.358333 39.358333 39.358333 3.240000 8.680000 6.920000 3.613333 5.720000 2.706667 4.546667 7.560000 9.746667 0.797050 0.000000 0.000000 0.457150
0.188260 31.425000 31.425000 31.425000 31.425000 31.425000 8.253333 7.560000 3.053333 6.733333 5.666667 2.413333 6.946667 8.946667 5.240000 0.823450 0.000000 0.000000 0.905950
0.666340 39.591667 39.591667 39.591667 39.591667 39.591667 4.413333 4.333333 6.680000 4.173333 8.786667 4.893333 7.453333 9.533333 5.640000 0.988450 0.000000 0.000000 0.130450
0.543500 30.025000 30.025000 30.025000 30.025000 30.025000 7.346667 9.586667 4.733333 9.666667 8.706667 2.146667 5.453333 4.440000 9.906667 0.645250 0.000000 0.935650 0.674950
0.589980 38.891667 38.891667 38.891667 38.891667 38.891667 2.893333 6.653333 2.920000 8.733333 4.600000 4.680000 6.226667 3.373333 9.613333 0.935650 0.000000 0.000000 0.830050
0.726100 32.358333 32.358333 32.358333 32.358333 32.358333 2.466667 5.133333 3.560000 3.346667 9.240000 8.786667 9.906667 2.040000 8.093333 0.189850 0.000000 0.000000 0.000000
0.523580 32.591667 32.591667 32.591667 32.591667 32.591667 6.093333 3.746667 4.013333 7.880000 6.413333 7.506667 8.520000 3.960000 6.920000 0.579250 0.000000 0.823450 0.932350
0.998340 35.625000 35.625000 35.625000 35.625000 35.625000 5.746667 5.560000 3.880000 9.800000 6.146667 7.480000 8.893333 5.800000 4.146667 0.764050 0.000000 0.000000 0.896050
0.098620 32.241667 32.241667 32.241667 32.241667 32.241667 8.146667 5.080000 2.893333 8.520000 6.680000 4.093333 2.066667 2.653333 6.546667 0.975250 0.000000 0.110650 0.160150
0.198220 30.841667 30.841667 30.841667 30.841667 30.841667 8.306667 2.360000 5.266667 7.906667 9.853333 4.840000 6.840000 5.560000 3.533333 0.678250 0.000000 0.000000 0.585850
0.726100 34.225000 34.225000 34.225000 34.225000 34.225000 8.813333 7.586667 3.426667 3.720000 8.520000 3.160000 7.693333 2.893333 9.080000 0.816850 0.000000 0.000000 0.493450
0.928620 32.241667 32.241667 32.241667 32.241667 32.241667 6.226667 6.493333 3.906667 3.880000 2.280000 9.240000 8.626667 5.400000 7.240000 0.569350 0.000000 0.000000 0.958750
0.915340 38.891667 38.891667 38.891667 38.891667 38.891667 9.480000 8.600000 3.186667 3.053333 5.693333 4.386667 5.426667 2.813333 4.546667 0.945550 0.000000 0.000000 0.780550
0.719460 37.025000 37.025000 37.025000 37.025000 37.025000 9.666667 2.680000 8.840000 3.133333 5.906667 6.146667 8.600000 3.453333 7.613333 0.599050 0.000000 0.803650 0.242650
0.055460 36.325000 36.325000 36.325000 36.325000 36.325000 9.613333 5.026667 5.453333 9.666667 2.680000 5.080000 7.186667 4.706667 3.000000 0.747550 0.000000 0.000000 0.044650
0.583340 34.808333 34.808333 34.808333 34.808333 34.808333 3.053333 3.426667 2.573333 3.320000 9.880000 8.360000 7.613333 7.213333 7.693333 0.978550 0.000000 0.000000 0.209650
0.151740 37.375000 37.375000 37.375000 37.375000 37.375000 6.680000 5.266667 4.866667 8.653333 8.813333 4.840000 4.493333 4.013333 7.053333 0.942250 0.000000 0.229450 0.014950
0.440580 38.775000 38.775000 38.775000 38.775000 38.775000 2.680000 9.266667 4.280000 5.026667 2.493333 8.866667 2.173333 7.053333 9.720000 0.387850 0.000000 0.000000 0.028150
0.755980 37.608333 37.608333 37.608333 37.608333 37.608333 8.920000 6.786667 3.853333 4.093333 3.880000 9.080000 4.653333 3.560000 2.253333 0.952150 0.000000 0.000000 0.988450
0.948540 37.141667 37.141667 37.141667 37.141667 37.141667 5.186667 2.946667 4.306667 2.946667 4.920000 9.453333 5.160000 5.933333 5.933333 0.760750 0.000000 0.000000 0.000000
0.580020 39.475000 39.475000 39.475000 39.475000 39.475000 8.493333 2.813333 8.040000 9.800000 9.880000 4.520000 9.213333 8.120000 6.493333 0.988450 0.000000 0.000000 0.288850
0.467140 26.758333 26.758333 26.758333 26.758333 26.758333 5.000000 3.213333 2.520000 4.120000 6.786667 2.200000 4.840000 3.853333 6.946667 0.410950 0.000000 0.000000 0.727750
0.533540 35.508333 35.508333 35.508333 35.508333 35.508333 9.666667 2.466667 4.040000 8.066667 7.693333 7.693333 6.973333 7.586667 5.320000 0.773950 0.000000 0.000000 0.000000
0.709500 27.575000 27.575000 27.575000 27.575000 27.575000 2.066667 5.026667 2.360000 6.413333 7.400000 5.613333 8.626667 2.520000 5.666667 0.711250 0.000000 0.000000 0.183250
0.902060 30.258333 30.258333 30.258333 30.258333 30.258333 2.733333 4.173333 7.213333 2.066667 3.240000 4.226667 9.746667 9.720000 4.440000 0.589150 0.000000 0.000000 0.176650
0.935260 36.208333 36.208333 36.208333 36.208333 36.208333 3.080000 7.053333 2.946667 3.960000 6.306667 7.720000 9.266667 6.840000 4.973333 0.721150 0.000000 0.000000 0.945550
0.961820 34.925000 34.925000 34.925000 34.925000 34.925000 9.613333 7.213333 6.280000 6.840000 8.306667 2.680000 5.746667 2.946667 9.960000 0.915850 0.000000 0.000000 0.000000
0.785860 34.575000 34.575000 34.575000 34.575000 34.575000 8.440000 4.146667 9.906667 8.653333 6.040000 8.920000 4.386667 9.826667 2.680000 0.038050 0.000000 0.000000 0.000000
0.055460 36.325000 36.325000 36.325000 36.325000 36.325000 7.800000 3.906667 2.680000 5.213333 8.066667 4.413333 4.306667 6.626667 7.693333 0.000000 0.529750 0.374650 0.734350
0.520260 34.808333 34.808333 34.808333 34.808333 34.808333 2.786667 5.480000 5.453333 2.786667 5.560000 6.040000 4.680000 5.906667 5.640000 0.000000 0.912550 0.000000 0.830050
0.248020 21.975000 21.975000 21.975000 21.975000 21.975000 2.946667 9.800000 2.066667 4.200000 9.026667 3.160000 6.333333 5.853333 7.266667 0.000000 0.288850 0.427450 0.259150
0.636460 21.741667 21.741667 21.741667 21.741667 21.741667 3.240000 2.440000 2.466667 8.573333 3.560000 8.173333 6.200000 7.000000 4.360000 0.000000 0.569350 0.000000 0.919150
0.855580 32.708333 32.708333 32.708333 32.708333 32.708333 9.106667 2.413333 7.186667 3.613333 7.160000 2.946667 2.200000 5.106667 2.760000 0.938950 0.681550 0.000000 0.391150
0.307780 28.975000 28.975000 28.975000 28.975000 28.975000 7.773333 2.866667 2.840000 4.040000 9.560000 3.053333 7.186667 8.733333 7.106667 0.691450 0.678250 0.546250 0.790450
0.862220 20.341667 20.341667 20.341667 20.341667 20.341667 4.146667 2.386667 3.773333 3.906667 8.786667 9.053333 6.840000 9.053333 6.920000 0.727750 0.701350 0.995050 0.014950
0.580020 22.558333 22.558333 22.558333 22.558333 22.558333 5.106667 6.840000 2.093333 4.840000 9.666667 8.386667 5.933333 3.053333 8.493333 0.490150 0.434050 0.000000 0.298750
0.178300 39.125000 39.125000 39.125000 39.125000 39.125000 9.533333 8.306667 3.426667 4.466667 8.626667 6.653333 9.720000 8.573333 6.866667 0.790450 0.678250 0.000000 0.608950
0.546820 39.358333 39.358333 39.358333 39.358333 39.358333 7.533333 5.000000 8.546667 9.773333 2.680000 3.533333 8.280000 9.693333 2.306667 0.975250 0.566050 0.000000 0.087550
0.639780 34.225000 34.225000 34.225000 34.225000 34.225000 5.720000 6.280000 4.840000 6.546667 5.426667 7.693333 2.413333 7.053333 4.680000 0.480250 0.764050 0.000000 0.628750
0.271260 27.808333 27.808333 27.808333 27.808333 27.808333 5.880000 5.506667 2.173333 3.880000 2.920000 5.133333 6.973333 5.826667 6.893333 0.935650 0.176650 0.000000 0.965350
0.214820 32.941667 32.941667 32.941667 32.941667 32.941667 6.653333 2.786667 3.906667 3.986667 6.413333 4.920000 7.320000 9.400000 6.253333 0.849850 0.513250 0.000000 0.919150
0.971780 17.775000 17.775000 17.775000 17.775000 17.775000 2.280000 7.426667 2.626667 8.440000 3.320000 5.133333 7.880000 6.760000 3.613333 0.635350 0.797050 0.925750 0.269050
0.898740 37.375000 37.375000 37.375000 37.375000 37.375000 8.413333 2.973333 9.266667 7.986667 6.226667 4.600000 8.386667 7.986667 8.226667 0.305350 0.919150 0.000000 0.041350
0.908700 30.491667 30.491667 30.491667 30.491667 30.491667 4.360000 7.400000 2.546667 5.720000 5.906667 4.386667 9.106667 3.453333 3.613333 0.661750 0.503350 0.000000 0.117250
0.550140 22.325000 22.325000 22.325000 22.325000 22.325000 6.786667 6.573333 2.280000 5.506667 3.320000 6.573333 5.960000 4.413333 4.466667 0.833350 0.691450 0.000000 0.978550
0.277900 29.208333 29.208333 29.208333 29.208333 29.208333 4.146667 2.360000 5.266667 4.573333 9.053333 2.040000 4.493333 5.933333 9.213333 0.988450 0.628750 0.424150 0.080950
0.623180 37.958333 37.958333 37.958333 37.958333 37.958333 8.333333 9.160000 8.626667 8.013333 3.933333 4.626667 7.000000 7.266667 9.106667 0.678250 0.958750 0.000000 0.153550
0.676300 32.708333 32.708333 32.708333 32.708333 32.708333 7.213333 8.813333 5.240000 7.506667 6.680000 4.786667 3.426667 6.973333 2.706667 0.800350 0.434050 0.000000 0.678250
0.105260 37.958333 37.958333 37.958333 37.958333 37.958333 6.093333 8.440000 2.200000 2.493333 5.480000 6.146667 6.280000 7.960000 5.346667 0.975250 0.575950 0.000000 0.856450
0.583340 39.708333 39.708333 39.708333 39.708333 39.708333 5.746667 8.173333 5.533333 4.733333 8.093333 2.760000 8.786667 5.000000 6.893333 0.991750 0.021550 0.000000 0.000000
0.978420 32.941667 32.941667 32.941667 32.941667 32.941667 5.666667 8.173333 3.640000 7.880000 4.493333 6.946667 5.186667 5.080000 5.800000 0.526450 0.625450 0.000000 0.054550
0.779220 37.608333 37.608333 37.608333 37.608333 37.608333 7.400000 7.906667 6.653333 8.173333 3.106667 2.706667 6.440000 7.560000 4.786667 0.278950 0.731050 0.000000 0.028150
0.533540 35.158333 35.158333 35.158333 35.158333 35.158333 9.960000 2.120000 5.480000 6.386667 3.613333 3.533333 9.373333 2.760000 3.053333 0.985150 0.348250 0.000000 0.137050
0.729420 37.025000 37.025000 37.025000 37.025000 37.025000 8.600000 7.053333 6.066667 4.946667 4.626667 2.013333 8.280000 7.960000 5.986667 0.975250 0.975250 0.000000 0.018250
0.845620 33.758333 33.758333 33.758333 33.758333 33.758333 7.346667 4.626667 3.880000 7.826667 7.373333 2.653333 9.533333 6.493333 8.466667 0.493450 0.344950 0.000000 0.622150
0.726100 32.241667 32.241667 32.241667 32.241667 32.241667 8.546667 2.946667 3.666667 5.160000 5.533333 3.400000 6.680000 3.800000 4.733333 0.632050 0.942250 0.000000 0.298750
0.264620 36.675000 36.675000 36.675000 36.675000 36.675000 4.333333 4.680000 5.666667 6.413333 9.800000 9.480000 4.866667 3.373333 4.920000 0.978550 0.995050 0.000000 0.206350
0.423980 33.641667 33.641667 33.641667 33.641667 33.641667 4.840000 8.813333 6.893333 4.813333 5.000000 5.666667 5.426667 5.480000 3.586667 0.787150 0.777250 0.000000 0.130450
0.752660 39.825000 39.825000 39.825000 39.825000 39.825000 3.480000 9.160000 9.506667 6.520000 9.213333 5.400000 3.613333 8.440000 7.613333 0.988450 0.714550 0.308650 0.064450
0.380820 30.258333 30.258333 30.258333 30.258333 30.258333 2.626667 7.800000 6.333333 8.973333 2.040000 3.373333 6.946667 3.213333 6.946667 0.932350 0.668350 0.000000 0.000000
0.251340 31.891667 31.891667 31.891667 31.891667 31.891667 2.173333 8.573333 2.280000 5.320000 2.120000 2.573333 8.466667 2.306667 4.413333 0.863050 0.044650 0.000000 0.523150
0.317740 39.825000 39.825000 39.825000 39.825000 39.825000 6.253333 8.226667 5.106667 4.333333 3.533333 3.106667 8.306667 6.973333 8.493333 0.721150 0.787150 0.000000 0.952150
